posted,item_id,recommend,review
2015-05-22,440,True,10/10 Best FPS Shooter I've ever seen
