posted,item_id,recommend,review
2013-12-19,47410,False,♥♥♥♥ YOU GAME
