posted,item_id,recommend,review
2014-01-18,49520,True,หนุกมาก
2014-10-12,219740,True,สนุมากอิอิ
2014-05-07,570,True,เยี่ยมจริงๆเกมนี้สำหรับคนชอบแนวโมบ้าต้องไม่พลาด8/10
