item_id,item_name,playtime_forever,playtime_2weeks
205790,Dota 2 Test,0,0
212070,Star Conflict,416,0
236390,War Thunder,2656,0
243870,Tom Clancy's Ghost Recon Phantoms - NA,1482,0
271290,HAWKEN,264,0
253710,theHunter,77,0
301520,Robocraft,2236,0
302830,BLOCKADE 3D,490,0
304930,Unturned,5452,0
291480,Warface,21,0
227940,Heroes & Generals,77,0
338540,Navy Field 2 : Conqueror of the Ocean,38,0
391460,WARMODE,8,0
