item_id,item_name,playtime_forever,playtime_2weeks
227700,Firefall,0,0
205790,Dota 2 Test,0,0
243870,Tom Clancy's Ghost Recon Phantoms - NA,1214,0
11020,TrackMania Nations Forever,1911,0
222900,Dead Island: Epidemic,5,0
302830,BLOCKADE 3D,31,0
304930,Unturned,1,0
209160,Call of Duty: Ghosts,218,0
209170,Call of Duty: Ghosts - Multiplayer,211,0
202970,Call of Duty: Black Ops II,1364,0
202990,Call of Duty: Black Ops II - Multiplayer,2540,0
212910,Call of Duty: Black Ops II - Zombies,1150,0
268850,EVGA Precision XOC,3340,0
360760,Run and Fire,0,0
351800,Dev Guy,2,0
