item_id,item_name,playtime_forever,playtime_2weeks
4000,Garry's Mod,11,0
12200,Bully: Scholarship Edition,0,0
20900,The Witcher: Enhanced Edition,0,0
22370,Fallout 3 - Game of the Year Edition,691,0
22380,Fallout: New Vegas,5835,0
48000,LIMBO,234,0
219150,Hotline Miami,655,0
205790,Dota 2 Test,0,0
220240,Far Cry® 3,6365,0
11020,TrackMania Nations Forever,311,0
51100,Tactical Intervention,1,0
223710,Cry of Fear,2,0
248570,Toribash,72,0
224260,No More Room in Hell,236,0
253710,theHunter,0,0
237110,Mortal Kombat Komplete Edition,4314,0
239030,"Papers, Please",580,0
242700,Injustice: Gods Among Us Ultimate Edition,2984,0
264200,One Finger Death Punch,77,0
265210,Viscera Cleanup Detail: Santa's Rampage,9,0
273110,Counter-Strike Nexon: Zombies,0,0
298260,Only If,138,0
304930,Unturned,859,0
310370,The Way of Life Free Edition,5,0
6910,Deus Ex: Game of the Year Edition,255,0
6920,Deus Ex: Invisible War,0,0
238010,Deus Ex: Human Revolution - Director's Cut,0,0
258180,Deus Ex: The Fall,0,0
384360,Fingered,3,0
386360,SMITE,0,0
388090,Five Nights at Freddy's 4,33,0
