item_id,item_name,playtime_forever,playtime_2weeks
4000,Garry's Mod,2178,0
16730,Legendary,152,0
105600,Terraria,28534,63
205790,Dota 2 Test,0,0
99900,Spiral Knights,265,0
211500,RaceRoom Racing Experience ,21,0
243870,Tom Clancy's Ghost Recon Phantoms - NA,1008,0
271290,HAWKEN,8,0
42160,War of the Roses,107,0
253710,theHunter,47,0
224540,Ace of Spades,499,0
207140,SpeedRunners,6844,9
368730,No Time To Explain Remastered,0,0
290280,Volt,271,0
304930,Unturned,509,0
215470,Primal Carnage,61,0
335240,Transformice,14,0
340540,TDP4:Team Battle,1,0
412940,Back to Dinosaur Island ,0,0
