item_id,item_name,playtime_forever,playtime_2weeks
219640,Chivalry: Medieval Warfare,83,0
232210,Patch testing for Chivalry,0,0
