item_id,item_name,playtime_forever,playtime_2weeks
15620,"Warhammer® 40,000™: Dawn of War® II",0,0
20570,"Warhammer® 40,000™: Dawn of War® II - Chaos Rising™",1252,0
56400,"Warhammer® 40,000™: Dawn of War® II – Retribution™",562,0
