item_id,item_name,playtime_forever,playtime_2weeks
205790,Dota 2 Test,0,0
550,Left 4 Dead 2,1,0
223530,Left 4 Dead 2 Beta,0,0
304930,Unturned,0,0
